0 0.482706 0.995905 0.015259 0.008189
0 0.430824 0.993176 0.037640 0.013649
0 0.300102 0.979982 0.038657 0.040036
0 0.895219 0.959509 0.095626 0.039126
0 0.600203 0.967243 0.067141 0.065514
0 0.865717 0.860783 0.016277 0.012739
0 0.274161 0.843949 0.013225 0.010009
0 0.994405 0.665605 0.011190 0.015469
0 0.986775 0.658326 0.010173 0.011829
0 0.960834 0.606460 0.013225 0.011829
0 0.993896 0.590082 0.012208 0.013649
0 0.891150 0.521838 0.012208 0.013649
0 0.907935 0.441765 0.013225 0.008189
0 0.962360 0.070974 0.020346 0.020018
0 0.707528 0.053230 0.019329 0.011829
0 0.932859 0.004550 0.014242 0.009099
0 0.509664 0.003185 0.018311 0.006369
0 0.500000 0.474522 1.000000 0.949045
